          18
           1           2   1.39999998    
           1           6   1.40000379    
           1           7   1.50000155    
           2           3   1.40000379    
           3           4   1.39999521    
           4           5   1.39999998    
           4          10   1.50000179    
           5           6   1.39999521    
           7           8   1.39999533    
           7           9   1.40000010    
          10          11   1.50000000    
          10          12   1.50000179    
          11          13   1.09999752    
          11          14   1.10000062    
          11          15   1.10000062    
          12          16   1.10000312    
          12          17   1.10000205    
          12          18   1.10000205    
 
          28
           1           2           3   119.999908    
           1           6           5   119.999985    
           1           7           8   119.999924    
           1           7           9   119.999969    
           2           1           6   119.999908    
           2           1           7   119.999969    
           2           3           4   119.999985    
           3           4           5   120.000107    
           3           4          10   119.999924    
           4           5           6   120.000122    
           4          10          11   119.999969    
           4          10          12   120.000061    
           5           4          10   119.999969    
           6           1           7   120.000130    
           8           7           9   120.000107    
          10          11          13   109.999916    
          10          11          14   109.999863    
          10          11          15   109.999863    
          10          12          16   109.999931    
          10          12          17   109.999832    
          10          12          18   109.999832    
          11          10          12   119.999969    
          13          11          14   108.937332    
          13          11          15   108.937332    
          14          11          15   108.937660    
          16          12          17   108.937439    
          16          12          18   108.937439    
          17          12          18   108.937469    
 
          30
           4           3           2           1   0.00000000    
           4           5           6           1   0.00000000    
           5           4           3           2   0.00000000    
           5           6           1           2   0.00000000    
           6           1           2           3   0.00000000    
           6           5           4           3   0.00000000    
           7           1           2           3   180.000000    
           7           1           6           5   180.000000    
           8           7           1           2   0.00000000    
           8           7           1           6   180.000000    
           9           7           1           2   180.000000    
           9           7           1           6   0.00000000    
          10           4           3           2   180.000000    
          10           4           5           6   180.000000    
          11          10           4           3   0.00000000    
          11          10           4           5   180.000000    
          12          10           4           3   180.000000    
          12          10           4           5   0.00000000    
          13          11          10           4   0.00000000    
          13          11          10          12   180.000000    
          14          11          10           4   119.999878    
          14          11          10          12   299.999878    
          15          11          10           4   240.000122    
          15          11          10          12   60.0001373    
          16          12          10           4   180.000000    
          16          12          10          11   0.00000000    
          17          12          10           4   300.000000    
          17          12          10          11   120.000008    
          18          12          10           4   60.0000000    
          18          12          10          11   240.000000    
