           6
           1           2   1.4995700000000001     
           1           5   1.0899963838930842     
           1           6   1.0900016684849616     
           1           7   1.0900016684849616     
           2           3   1.2267490829423919     
           2           4   1.2267490829423919     
 
           9
           1           2           3   117.04024399630205     
           1           2           4   117.04024399630205     
           2           1           5   107.56073716094748     
           2           1           6   107.56064925223380     
           2           1           7   107.56064925223380     
           3           2           4   125.91951701635210     
           5           1           6   111.31215719243622     
           5           1           7   111.31215719243622     
           6           1           7   111.31264516999271     
 
           6
           5           1           2           3   90.000002504478090     
           5           1           2           4   269.99999749552194     
           6           1           2           3   209.99982272502371     
           6           1           2           4   29.999827733979885     
           7           1           2           3   330.00017226602012     
           7           1           2           4   150.00017727497629     
